15919023327931934334833330427124423223525328331534134933630125320215913118 1 1TB 5443481655349999999999999991118231234312599999999999999
12614518423428532634834832829626123522423225528832234534832828924019114918 1 2TB 63135117383499999999999999912 6224999999999999999999999
12612514919324729833835735232729125623222423425929332534434131727522517718 1 3TB 717358182434699999999999999 032122125722499999999999999
13911912415219825129933334733831027524322522424127030433034133230526622018 1 4TB 8 634719 334199999999999999 120118133322299999999999999
17714613314417722527632034835433830727224523323825928831733734133030326718 1 5TB 846354194834299999999999999 2 3133141123399999999999999
22719116616017621025530133635435233230127024924225026929431532832931729218 1 6TB 924356203533099999999999999 247160145924299999999999999
25822219317818120123427230833334133130828025523923624426128129931031030018 1 7TB 956341213331199999999999999 322177154523599999999999999
28125623020920020722825929131733333632630728626725725626227328930331331718 1 8TB1042336225531799999999999999 4 4200164225599999999999999
31229928026124724325126628630732433333132030127926024724024124826027228318 1 9TB1120334999999999999999999999 450243182524099999999999999
28928828227025824724324826228230231832432131029527926324823723323825126818 110TB 027290121032499999999999999 559243195723399999999999999
28229129228727826826025525526127328830231031030028326224222521521321823118 111TB 138292132731199999999999999 733254204821299999999999999
24926828429429328427125825225225927128529830730830028225823120919619620818 112TB 329295144030899999999999999 826251213019499999999999999
22825127329130030029127526025024825627028730231030829627324421519017517518 113TB 431302152331099999999999999 938248223217399999999999999
19021825228130130830228726925224124024826428430331431129426422819617316618 114TB 4593081620314999999999999991041239225516699999999999999
17620023326829831732030928926624824024425828130632432831428624921218216618 115TB 5433211644328999999999999991114240232916499999999999999
16618321325028831833433131228425724023724826929632033333131227923820017218 116TB 6223351723335999999999999991142236999999999999999999999
16217119823728031834334933731228225724524926829632534535033730826922719018 117TB 651349174635199999999999999 0 3161121624499999999999999
16616117821125529833134734332329226123923424526930032934333831427823719918 118TB 719348181434499999999999999 044160125123399999999999999
17015616218822827431333834332930127024523123325228331533834332930126322518 119TB 744344184534499999999999999 113156132223099999999999999
19117016718321625930133535134732529426324223624526729632333933832028725018 120TB 818352192834199999999999999 140166135423699999999999999
21418717518220624228331934334933630827624923423525027530332533532930827618 121TB 84834920 933599999999999999 210175142823399999999999999
24221019018720123026830633635134832929926924824225027029431733333832830618 122TB 921352205033899999999999999 243186145524199999999999999
27624522121021423326229632834935634431828726024323724526228530632032130918 123TB 952356213732299999999999999 314209155623799999999999999
28726123622021522424326929631933133131929627125023523123724926628329730418 124TB103133323 830499999999999999 351215165523199999999999999
30028626524523323224125828030231932832631329226924923523023224326027929518 125TB1120329999999999999999999999 437231181222999999999999999
30530529528026625525125526728330031532432331329327024622621521522424226418 126TB 029306122632599999999999999 559251193321399999999999999
28429830430229328026726026126928229731031931931029226723821319519120122318 127TB 213304133132099999999999999 726260204919199999999999999
25128030331731931029528026926627228530232033333732930627524020919018519818 128TB 340320145133899999999999999 850266214618599999999999999
22526029732834534833631529227426526727930132634535133931127122919116616118 129TB 4393491551351999999999999991020264224516099999999999999
17721025429933435235033330627825724725227029932935135533930425821017114818 130TB 5253541643356999999999999991111247233414499999999999999
14716720725630434035835433029526123823124226830333535535733629624519615718 131TB 6183591735359999999999999991153231999999999999999999999
13714116821426831835336535232028124722722524227331234536335833128623418618 2 1TB 658365181936499999999999999 022136123622499999999999999
15113815018523529033636436734530826723622122524828432335336535632628123218 2 2TB 73736919 536699999999999999 1 2138131622099999999999999
18916115517421326531535336936033129325723322523325729032535135834431226818 2 3TB 8 8369195135999999999999999 144154135922599999999999999
22418917117520024028732735335734130927223922021823326129232133833832229018 2 4TB 843358203434099999999999999 220170143621799999999999999
25121418817919122026029933034534132028725422921721923626229031132031629918 2 5TB 91834621 932099999999999999 256179152021699999999999999
27324321820220221724528031233333732429926924322521922424026128229630129618 2 6TB 944338215830199999999999999 33220016 221999999999999999
28226224222621922424126629131132131930528325923822522222824125627028128618 2 7TB1019322231828699999999999999 4 5219165022299999999999999
28527726525224224024726127929530530830229027425523722321822123024225426518 2 8TB1046308999999999999999999999 44724018 621899999999999999
27227727627026225425125626527728829429429028026725223822621921922323124418 2 9TB 120277113729599999999999999 554251194021899999999999999
25827228228628327626926526527027828529229729929428326624923322322022323418 210TB 3 2286134629999999999999999 723264205922099999999999999
25127229130530930429428327326726827328229229930029528226223721419719019618 211TB 356309144430099999999999999 92626722 119099999999999999
21323726328630230830228726825324524525326828529930429727825122119517917818 212TB 4583081558304999999999999991030243223517699999999999999
19121624727830331731630228025824123423825327429631131229726923420117616518 213TB 5273181634314999999999999991110234231216599999999999999
17018922025528831232231529526824322922924326829732033032329926422619317218 214TB 6 632217 8330999999999999991129227234316899999999999999
16818221124828732134034232329225923422623425728831833833932229024921017818 215TB 63434417363419999999999999912 0226999999999999999999999
16116418722526830833534433230326723621922024027230733635134632328524220418 216TB 655344181735199999999999999 021160122521799999999999999
17917318821926030133535335032728925022020921624227631033334032729625421018 217TB 722355185134099999999999999 04717313 720999999999999999
17515816318622326730733434232729325221619519521524928731933633331127523418 218TB 751342192233799999999999999 118157133019299999999999999
19617216618021125229332534133530927223420719820823426930432933832830126418 219TB 814341195833899999999999999 148166135919899999999999999
22619618218720924428432034234532829625922720820521924527931032933131628818 220TB 840347203733299999999999999 215181144020499999999999999
25622520519921023526930433034133330927624421920821122825428230631831730318 221TB 9 4341212532099999999999999 251199151620799999999999999
28025423222022123626028931433033231929526523721821021623325527829630630618 222TB 937333223030899999999999999 32621916 221099999999999999
29627926124623924325727629631332131830528426023721920920921823425527528818 223TB1018321235529299999999999999 4 8239173020799999999999999
29228727626325425125426227328629630230129327725723621620319820321723625718 224TB1123302999999999999999999999 5 2251185819899999999999999
27428729128727826926125926226827628529229629328226324021619618718820122218 225TB 2 029113 629699999999999999 657259202118699999999999999
24927529530730830028727326325926227128329530530829927824821619017517518918 226TB 338308144830899999999999999 9 3259213117399999999999999
21524828130732332531329427225424424625927930131732131028424821017715815618 227TB 4373261547322999999999999991021244223615599999999999999
17320524628731933533231428625723622723325228231333534132829725621618517018 228TB 52333616493419999999999999911 7227231417099999999999999
17620124129033937338236532728424822722423826529933135135433629925020016318 3 1TB 5503831739355999999999999991140223999999999999999999999
14715618823428332334634732829225021419419621825329332834634131426921817418 3 2TB 635349181934799999999999999 0 9146122619399999999999999
14513815719624529332834233330326122119218319622626730733634633430125520718 3 3TB 7 6342185834699999999999999 046138125518399999999999999
16915015618322527331433934132028223820118018120223727831533633731828324118 3 4TB 736343193433999999999999999 117149132817899999999999999
20117416718121525930233434833931127223520819820623026430132833532229726518 3 5TB 8 7348195033599999999999999 15016714 319899999999999999
23120218618720523727530832832830827423620418418019321925027929930529527418 3 6TB 831331205330599999999999999 228184144217999999999999999
24521819919420522926029031131730728325122019618719321223726328529729828818 3 7TB 855317213429999999999999999 24919315 618799999999999999
27125223723123524826929231332432331029026724823523223825327429330531030818 3 8TB 92532522 931099999999999999 3 8231155223299999999999999
30129128027026426527428930531631630528826925123522421922022723925426927818 3 9TB 930317235128199999999999999 425263171921999999999999999
28127727026325825726026627528429029128727726425023722722222322723624625718 310TB1042291999999999999999999999 449257182522299999999999999
26827628028027727226926927127427727928027927526725524122821621021121723018 311TB 226280115428099999999999999 642269202821099999999999999
24726427728528728327526625925525626126927728127927125724022321020220321318 312TB 348287141528199999999999999 917255212520199999999999999
23025327729530530429427926425324925226127528829729728726824321820019219618 313TB 42430615322989999999999999910 524922 919299999999999999
21323826729431231931229527225223823624526328530431431029426623520719018618 314TB 4593191615314999999999999991043235224518599999999999999
19722225328731433033031528925923622623125027730632733432530026623120118518 315TB 5303321657335999999999999991110226232418499999999999999
18720824228332034535334231528125022922223325829032234234232228724620818118 316TB 5543531732345999999999999991154222999999999999999999999
17118121125229533034834532228624721520020522926730733935334331327022619018 317TB 62134918 635399999999999999 0 0171121519999999999999999
17117419723628032134735333630125721919419120924428732735335934130526021818 318TB 645354184435999999999999999 023169124019099999999999999
19018119522727131534836435632728524120719220022826931435136936533829725418 319TB 710364191937099999999999999 053181131119299999999999999
21820020222526130334136336534430626021919218620223627932134935934631627818 320TB 735367195635999999999999999 123198134618599999999999999
24221620922225129032835737036333830126122721021423927731935738038537434718 321TB 810370205038599999999999999 151209141920999999999999999
31227925925627230033336137537034931627924521920821423626830333234834532718 322TB 815375212134999999999999999 23925515 920899999999999999
29927024823924426128430933033933231128124922220419920823026029031432432218 323TB 9 5339221832599999999999999 3 6239155219999999999999999
30929127326125726127429130932232631829927424822521120621322824927229230618 324TB 950326235831099999999999999 359257165420699999999999999
31030629528227326927227928929830330329728626924922921320520621623225227218 325TB1029303999999999999999999999 5 3269182320599999999999999
29030230630229328327427027127628329029629829528526724522420820320822324418 326TB 2 1306125929899999999999999 71726920 120399999999999999
26929431432432231029327626426026327228429730630930228325622820519519921718 327TB 321324144931099999999999999 9 2260211319599999999999999
24327530633034133631929527125324625126528630932633232229626122519818619118 328TB 41334115543329999999999999910 7246221218599999999999999
21224528331934535334231628325323322823926229232334535033430025721518617618 329TB 4553531645350999999999999991049228225917699999999999999
18721425229433035135233129525522320520722726130033435335333029124520417818 330TB 5333541728356999999999999991125204234317299999999999999
17319122727231735036335232027823620719620623527531835236835932828423820218 331TB 6 336318 93689999999999999912 1196999999999999999999999
18519021525530134136436534230125521619419321324929333336036735231827323118 4 1TB 632368184936899999999999999 018184123219199999999999999
20219420824128432735736735432027423019818619522226230634336436334030125918 4 2TB 656367192736799999999999999 05219413 518699999999999999
22420721123326930934336035733129124620818818720523727731634535834932128418 4 3TB 72036120 635899999999999999 120206133318599999999999999
24922622023325929332534835434030826722820118919621925329032234234432830018 4 4TB 749354203834599999999999999 14822014 718999999999999999
27024623423524927229932233533131228124521519719420823326429431833032931518 4 5TB 818335212433299999999999999 225232144019399999999999999
29327025625226127930132133533732630327424622521622023525628130532332732018 4 6TB 840338215132799999999999999 246252151021699999999999999
30629027727227428129130531732332030628526124122822322723825226928429530218 4 7TB 911323232530399999999999999 31327216 522399999999999999
30129328227226626627228229229930029428326825223722822422623424525827228318 4 8TB 941300999999999999999999999 42626517 922499999999999999
29129429228828327827527427628128528728527926925724523422722522823624726118 4 9TB 11029411 628799999999999999 645274185822599999999999999
27528629429629428727726726025926326927527927827326425223922621921922824518 410TB 3 0296132127999999999999999 841259203021899999999999999
26528530031031230729528026625625426027328729930229528126424623222322223218 411TB 348312145030299999999999999 944254213422199999999999999
25127730432333132631028826624924124425827829831231530628826323821720520718 412TB 4 63311546315999999999999991012241222420499999999999999
22325028231132833031629025823121521422624827630131731930427824521519418718 413TB 4383311636320999999999999991036212225418799999999999999
19822426029632433633030627323821220120823126530233134433831628124521820518 414TB 5 933717133449999999999999911 9201231420499999999999999
21023226630634136436534430726422720319821224228132135036034631327123220518 415TB 5343671756360999999999999991146197999999999999999999999
19620523227030934035434531427122619017317920524629233335735833629925521818 416TB 6 7354183436199999999999999 0 0196121617299999999999999
19719721725229332935035132928924219816916217821526331235036836032928824918 417TB 631353191236899999999999999 031194124816199999999999999
22221422625328832435236335332127622919016917119623728432635536234831727818 418TB 7 3363195136399999999999999 054214132516799999999999999
24522522323926830233335235233229525020817716617620624829232935135333630618 419TB 731355203635599999999999999 13722214 216699999999999999
27324823724125928631433534333530927223219717517018321225028932033733631818 420TB 8 0343212633999999999999999 214236144616999999999999999
29226725224825527129030832032331329025822419718017919321925128330832132018 421TB 843323222632299999999999999 248248153617899999999999999
30829027326426326927929230431231230328425923321119819620622524927529731018 422TB 934313234831399999999999999 338262163919599999999999999
31330729728727827427427828529330030229728426624622721320721122424426728918 423TB1048302999999999999999999999 53127318 820799999999999999
30631531631030028927827227127728529430130229828626925023322222123125027418 424TB 138316124630299999999999999 733271193522099999999999999
30132333734333932631029327726826928129731332232131028926524222521822324018 425TB 3 3343142532399999999999999 92526721 721899999999999999
26729832534234433230828125724323924726629031533333732630026823921921422418 426TB 340345154833899999999999999 948239215021499999999999999
24928131434035334932929826724122722924427230433335135233730727123821821518 427TB 4173531636354999999999999991026226224021499999999999999
23026029532835135734531728124521720421023527131134436135833529926123021518 428TB 4503571722362999999999999991111204232021499999999999999
21824027531434536135733329625421919819521224528632635436435332428624922318 429TB 5183621758364999999999999991139194235321599999999999999
21622825829633335836334831527223120118719422026030334136336534731427624418 430TB 5463641836367999999999999991211187999999999999999999999
22622824828131834836235733129124720918418019623027431735036535933429826318 5 1TB 615363191336599999999999999 025225124417999999999999999
23823024126730133435535834331026822719618118821425329633536036635332629418 5 2TB 642359194836699999999999999 055230131118199999999999999
26825425527329932835036135533329725621919619020423327131034135835733931118 5 3TB 711361202736099999999999999 123252134719099999999999999
28326325626227830032333934232930226522920319119521324127330533034233731718 5 4TB 744343211234299999999999999 2 2256141619099999999999999
29126825625626728430331832532130527724621719919320222425228130431832131318 5 5TB 8 9326214332199999999999999 229254145219399999999999999
29728026726126427428930431431630728926423821920820721823625828130031231418 5 6TB 840317225031599999999999999 311261153220699999999999999
31030028827927527828629830931531330428826925123723023023825227129030631618 5 7TB 918315235631999999999999999 4 5275163222999999999999999
31931630729628828528629029630130530429928827325824423723724325426928530218 5 8TB1025305999999999999999999999 515285173423699999999999999
31532332431730529228327827828228829429829829328226725123923423724726227918 5 9TB 133324123529899999999999999 728278191023499999999999999
29731332232431630128326725825726327428529530130129227625624123223324326118 510TB 241324142630299999999999999 838256202523299999999999999
28230432133032731429226824723623724926929130931931830528426124223223424718 511TB 319330152532099999999999999 926235212123199999999999999
26929632133934333331028025223222322924927830833134033231228425623622723118 512TB 34934316 23409999999999999910 6223221022799999999999999
24927831133935535233229826122921020822425529333035535934431628425724023518 513TB 4233561642360999999999999991038207225023599999999999999
24526830133636337336132928624321019419922526430734536837235532328625323318 514TB 4593731741373999999999999991117193233523099999999999999
23224928031735037037134930725721218217419022627232035837837535031227224318 515TB 5323731822379999999999999991151174999999999999999999999
23123826329833436137236032727922918916616819223428533437038537534530426718 516TB 6 037219 538599999999999999 0 7231122716499999999999999
24323825228131735037137235231226221518016517420525130234937938737133930118 517TB 635374194938799999999999999 04623713 816599999999999999
27025525727530533736237436834330125421118217318621926531535738138336433218 518TB 711375203438599999999999999 123253135617399999999999999
30027726927629531834035836535733028924420417917418821925930133836036234618 519TB 8 2365213736499999999999999 2 2269144517399999999999999
31929227326727328931033134634933731027423720618818720423427130633434834618 520TB 843350222334999999999999999 259267153318599999999999999
33131029027727427929230732233133232230227524722421221222625128131033434618 521TB 934333232534799999999999999 350273162821099999999999999
34533331629928728228429230431632633032430928926624723523424426228731333518 522TB1054330999999999999999999999 515282173623399999999999999
34935134432931229828928829330331532633333332531029127125625225827529832218 523TB 044352123133499999999999999 642288185525299999999999999
34235435735033531529427726926927929531332933633131829727626025225526929118 524TB 14735714 733699999999999999 827268201625299999999999999
31634035535935033030327725724825126528831333634934933431028326225425827518 525TB 249359152835199999999999999 91824821 925499999999999999
30032735036336134632028926023923123825828832034635935633931128226025025618 526TB 32436416203609999999999999910 423122 925099999999999999
27630533535736635933630226623521521322825729433035636635833530427525625118 527TB 4 336617 2366999999999999991039212224725199999999999999
26328731934836636835232128324421419920322526230534336636935532729526825318 528TB 4373691742370999999999999991120198232625299999999999999
25427129933235937136534030226122319819120423527732135537337034931728626318 529TB 5113721822374999999999999991152191999999999999999999999
25426228431534536637035432228124020819219521825429733636537837034531228218 530TB 54237119 837899999999999999 0 2254122019199999999999999
26426327730233235636936534330726522820219520523327331535137337535933130018 531TB 617370193837699999999999999 036261125519599999999999999
27626426728631334035936234831827924121019319221124328332235136435933830918 6 1TB 641363201336499999999999999 116263133119099999999999999
28226425926828931433634734332329125422019718819722325829532734735033931818 6 2TB 715347204535199999999999999 151259135918899999999999999
29427426226227329331633333832730227023721119719621023526629932533833832418 6 3TB 750338212734099999999999999 233260143319599999999999999
30328326826226728029831532532431128725823121220320722324827730532533332818 6 4TB 82632622 633399999999999999 3 0262151220399999999999999
31329527826826727228329630931531330027825323221821321923325528030432132618 6 5TB 917316225932699999999999999 343266155821399999999999999
32130729127726926827328129130030530329427825924122822322924426528830732018 6 6TB1017305235532399999999999999 441268165822399999999999999
32331830729327826726126126827828829429428827525924423322823224426228330218 6 7TB1131295999999999999999999999 62726018 322899999999999999
31632131630428827125724924825526828229430129828827325624423824125327129218 6 8TB 1 0321131530199999999999999 73324719 923899999999999999
31232633132631128926624723623524426128230231431630729027025424424425527418 6 9TB 2 2331144031799999999999999 835234203024399999999999999
29832033634233431328525523222022223726329131733333632630728326325425727118 610TB 256342154433699999999999999 923219211725399999999999999
29532234536036134731928425022521522324728131634536136234932429627326126418 611TB 33636316353649999999999999910 2215221926199999999999999
28030633536037236734430726522720219520723827932135537237035132129026525318 612TB 4153721723373999999999999991053194231625299999999999999
25727730733836237035732628223719717317119122927732436037737134731227925618 613TB 4553701814378999999999999991138169235924799999999999999
24725728031234336336634831026021117415616119023528733536938136934030527518 614TB 5403681858381999999999999991217155999999999999999999999
25825627230033236037436834230025120417015716820124930034437237936533429918 615TB 613374194837999999999999999 03425513 215799999999999999
26925425727530333335536335332528423719516615817320825530534536937135232118 616TB 657363203537299999999999999 121253135115899999999999999
28926525626328331033635335634131227122919317117018822326631034436135934118 617TB 740357212236399999999999999 2 4256143516899999999999999
31328726926527429231533735035033731127924421519819621224328332134936035418 618TB 83135222 736099999999999999 248264153519599999999999999
33531028827427127729130932633633632530327524622321121323125929332334435018 619TB 930338225535099999999999999 352271162121099999999999999
34232630628927727327829231032633533232030228226224423423625027430433235018 620TB1014335234635499999999999999 455273172423399999999999999
35434432630528627226526527128229630831531430428827025424524625727729932018 621TB1223315999999999999999999999 634264182524499999999999999
33333632931429427425824824625126328029630931431029727926125025025927729818 622TB 04733614 431499999999999999 747245193524999999999999999
31733133532931529427025023823624426028330632333032631329527726526227028718 623TB 155335151033099999999999999 843235204326299999999999999
30832834134433631729026223822422323425528230832833733331829727726326026818 624TB 248345161333799999999999999 938222214826099999999999999
28630832834034132830327124121720520722325028231233234033331529127025725618 625TB 33134217 0340999999999999991023204223425599999999999999
26828931333434333731828725222019819019822225629332434334633431228726725818 626TB 4 934317413479999999999999911 0190231025799999999999999
26227930432934634933630927523920919018820423527431234035234833030628226518 627TB 4413501814353999999999999991138186235226099999999999999
26026928931433835234933029725721919118018721124828932635035634432029126918 628TB 52235318493579999999999999912 8179999999999999999999999
25826027529932334334933831227523520017917719422526330233335034933230327418 629TB 553349192935299999999999999 018257123717699999999999999
25525026028030632834133932229025121318417217820223827731333834633731428618 630TB 624342195734699999999999999 04925013 917199999999999999
26325025126628831233033732930627323520218117719122025629432534334332830218 7 1TB 659337203234599999999999999 124249134317799999999999999
27625825125827529932133533632229626322920218919221224428031533934834232218 7 2TB 73333721 534899999999999999 2 0251141918899999999999999
29727325925726828730932833833431728925722820920421323626830133034734933618 7 3TB 814338213735099999999999999 238256145120499999999999999
31529227426626727829631633133632830828225523322022023425828831733834734318 7 4TB 854336221234799999999999999 322265153121899999999999999
32930828627026226327429130932132331529827625523923123324626729432033734318 7 5TB 94432423 034399999999999999 422261162023199999999999999
33732230328527126326327128530031231731129928126425024424825927830032033518 7 6TB1057317999999999999999999999 529262171024499999999999999
34033532030027926225325326127529130531231130328927426125525726628230332318 7 7TB 0 1340122431299999999999999 630252182025599999999999999
33633933231729727525524324124926528530532032632331029427926926827629030918 7 8TB 04933914 832699999999999999 742240193926799999999999999
32734034533932129626824322722323225328030632633533332030228527427027729218 7 9TB 158345151733699999999999999 848222205127099999999999999
31333434935234231828725522821120721924527931334035335133431028827427027818 710TB 246353162035499999999999999 943207214927099999999999999
29531834235836234931928124120818818820724128332435637036734731929327727418 711TB 3453631718371999999999999991032185224927399999999999999
28230232835336837035231727222719317517920324429434037338537535031829027418 712TB 43537118 1385999999999999991121174233827199999999999999
27228430833836437937735431326321718316817821025731035738839838535431828818 713TB 52338118563989999999999999912 6168999999999999999999999
27227328931834937538738235531025821117916818322027132536939439537534130518 714TB 614388193339899999999999999 028270125516899999999999999
27726527129232335637938737434129424420217717419523528733837639238535932318 715TB 654387201139399999999999999 111265133817299999999999999
29026926327329532535437537936332928524020619019321725730434737738537334418 716TB 743380205338599999999999999 153263142018999999999999999
31028226526427529732434936636735131927924321720721624328032135537537736118 717TB 836369213637899999999999999 23826315 120799999999999999
33230027526126227529732234435735734231428125223423124427030233335736836418 718TB 930358221636899999999999999 328260154023099999999999999
34732029327226226427729531633234134032830828426425225326628931533935536018 719TB1025341225336099999999999999 420262162725199999999999999
35333531128827126226227128730432033033232430929227726927028129931933734818 720TB1139332234635199999999999999 529261172026899999999999999
35034332730628426725725526127529130631832432331630529328528328930231933518 721TB1323325999999999999999999999 644255184528399999999999999
34434533732330428426625424925326428130031732933232831730429429029530631918 722TB 035346145533299999999999999 8 4249195729099999999999999
33334234634232830728326124624024525827830232534134834333031430129429630618 723TB 15934616 434899999999999999 9 3240211529499999999999999
32033534735134432830327625123422823525328030933635335734833131129528729018 724TB 255351164835799999999999999 958228221728799999999999999
30131833634835134132129226223521921622825328531934535835834432229928227518 725TB 344351172736099999999999999104021523 127599999999999999
28229932134235435333831227924622020621023026230033535936735934031429127618 726TB 4263551759367999999999999991120205234027399999999999999
27428430532935136135533430126423220920221324027731634936836935433030228018 727TB 5103611834370999999999999991154202999999999999999999999
27027329031634436436935833129325422320520622726330734837638737935833031518 728TB 55237019 238799999999999999 016269122720399999999999999
31531031434637338238337836734330526222821622625529633736838338036233430318 729TB 538384192038499999999999999 12330813 321699999999999999
27826626928731634737037736633830026022721021123226530534236837636634231018 730TB 655378195737699999999999999 118265132520899999999999999
28126125726929432435136636534631427624121720821724227931835137037235532618 731TB 725368203537399999999999999 14525714 020899999999999999
29426925625827530132935135935233029826323421821923626530033335636435733618 8 1TB 8 335921 336499999999999999 220255142821799999999999999
30727925825125827830432834434633431128125223322523225228131233935535534118 8 2TB 839347213035799999999999999 25925115 222599999999999999
31728926525024725727730232333633532230127625524123824826829632234235034618 8 3TB 92833722 935099999999999999 342247154523799999999999999
33030728226124824625627529731732832731529727826325625826828630832934334718 8 4TB1026329225134799999999999999 439246161925599999999999999
33932129827425624524525326928930631832131630529228027427428329731433034118 8 5TB1152321234334399999999999999 535244172527399999999999999
34333531929827525624324024626128230231732532732231130029128729130131633118 8 6TB1342327999999999999999999999 65124019 128799999999999999
34134533932530428025824023223524927129631833434133832831530229529530331718 8 7TB 054345151234199999999999999 814232202829499999999999999
33234535134933531128025122821722123926830133135336436134832830929629229918 8 8TB 215352161836499999999999999 915217215129299999999999999
31433435336536635132128224421620420923226831034937738838136033230729028618 8 9TB 33336717 7388999999999999991011203224928699999999999999
29631634336738037735531727323220319120022927232036339039538135232029327718 810TB 41938117463969999999999999911 5191233427599999999999999
27629031634637338738235531126121618617719122627432636939339437333830027018 811TB 5153881832397999999999999991153177999999999999999999999
25626028131434937638737634329524319917216818923028133337239038335531627818 812TB 6 0387191339199999999999999 016255123916699999999999999
25124225228031735437938536933228423519817818220925330435138138837233829818 813TB 647385194838999999999999999 058242132117799999999999999
26324223925528532235737938136132327723420319220223227632336138137835331718 814TB 737383202238299999999999999 14023814 119299999999999999
27925023523825828832335236636133930426523221220822425529633636437336033318 815TB 816366205337399999999999999 220235144220799999999999999
29826624423624326329232234435334632429326324023023525428431634436035934118 816TB 9 3353212636199999999999999 3 1236151023099999999999999
31228125423723324025928430832633232631028826825324925627329732234235134618 817TB10 133222 835199999999999999 353233155324999999999999999
32830127425324123924726428530531932431930729328127327228029331032733934118 818TB11 0324224334199999999999999 442239163427299999999999999
33331729527325624624525226528129730931631631130329428828629030131432633318 819TB1235317232733499999999999999 540244175028699999999999999
33332531229628026525324825126127629130431432132231931230530130230931932918 820TB1451322999999999999999999999 710248191930099999999999999
33433432932030729027325724724625426928730732333433633031930729829529830618 821TB 033335154533699999999999999 83924521 329599999999999999
31632533032832030428225923922822823925928430932934134233331830128928428818 822TB 217330163534399999999999999 93122722 428499999999999999
30031633134134133031128626024023023324927430633836137136635133031029729518 823TB 3313421712371999999999999991015229224629499999999999999
30231733534935635333731027824722421522224527831534636536635232729827526318 824TB 41335617353689999999999999911 5215231926299999999999999
26528130532934835434532128825322220320221925028932635336535933830727725518 825TB 4543541810365999999999999991136200235824899999999999999
24825627930933835635734030826923320619420122626530834536736935132128825918 826TB 5333591835370999999999999991210194999999999999999999999
24424426129132535436736133529725622320320121925229433536537636633930226818 827TB 61136719 337699999999999999 029242123520099999999999999
24523824927531134637037536032628324321520421323927732035637637635632128318 828TB 646376193137999999999999999 05423813 220499999999999999
25223623825829032735737336834330526423121221222926330434437037736333229518 829TB 716373194837799999999999999 124235133220999999999999999
26123823124126730133636136935632628825322822023025629132735637136734531218 830TB 753369201837199999999999999 155231135722099999999999999
27524623123325027831134035835934231227724923423525027831033735435934932618 831TB 833361205135999999999999999 223230142823299999999999999
29326023522623325428431433734734232529927225324525026729131834135435333718 9 1TB 912347212635599999999999999 3 322615 624599999999999999
30927725023423124025928430932933933732330128126726527529231233134535034618 9 2TB102034022 635199999999999999 346231154026599999999999999
33130628025724324024826428630832733733632831530329629429931032433834935318 9 3TB1127338225635399999999999999 446240164329499999999999999
34733331429327426125525927229331633835336236436436334932130029931734335918 9 4TB1443364232836099999999999999 6 5255193329699999999999999
35834532831430028426524723924526629432134135035134633732531330330030531718 9 5TB1436351999999999999999999999 8 5239205530099999999999999
33334534934432930527725123322523125027931134136136836334632530629329029718 9 6TB 15934916 436899999999999999 9 5225215029099999999999999
31133034936136134531627924422021122024428031935237337836734331428927427418 9 7TB 33136216483799999999999999910 0211223027299999999999999
28831233936237336934831126822720019120523728232836638838936933630027125718 9 8TB 4153741733391999999999999991053191231825799999999999999
26128031134637538938335631226322119419020924829834938840439436332128125318 9 9TB 51239018 7404999999999999991142188235924399999999999999
24325328031835738639738535030325621820020423327832937440240438134129625918 910TB 5593971836406999999999999991219198999999999999999999999
23723425028232436539340038334529725021720521725129834738540139336332027918 911TB 649401191140299999999999999 03923313 120599999999999999
24723323826330334738340239737233329025223022724628332836939439737834430218 912TB 719403193839899999999999999 115232133722699999999999999
26523923324727731635438138937935231628225724725628131835638339438636132518 913TB 75738920 439499999999999999 14923314 124799999999999999
28825924424526229232735837738036634031128727327228531034036738338336733818 914TB 840381203138599999999999999 226242143427199999999999999
30427425324525126929532334736035934532430228628128730132234336136836234418 915TB 92736121 636899999999999999 3 4245145928199999999999999
31728826425125025927729932033434133832831530329529430031232734235035034018 916TB1012341213035299999999999999 336249154229399999999999999
32230027926325525526227629130732032732932631931130430230531232133133533418 917TB1149329221933699999999999999 431254165730299999999999999
32731429928327026125826227028129430631732432832732231531030830931331732118 918TB1414328235332299999999999999 554258191130799999999999999
32232031430529328026926226026427328630131733133833833132030830129930230818 919TB1531339999999999999999999999 748260205429999999999999999
31632332632431630228426725425025526828730933034735635334132230529529430118 920TB 2 9326161835699999999999999 857250213629399999999999999
31432834034634333131228926825425125827530032835336837136033831429528528618 921TB 314346164137299999999999999 950251222428499999999999999
29831633735335935333430627625223823624927430633836237336634631628726525818 922TB 4 235917 837399999999999999103623523 125899999999999999
26528431033635335834631928425122621522124327731735137137235532428926024418 923TB 4463581735374999999999999991110215232724299999999999999
24526329232535236636334230826923521521222826130234237038036833930026323818 924TB 5193671757380999999999999991140210235622999999999999999
22924026830634336837636433429325322321021724328332636238238135731727423918 925TB 5553761826384999999999999991210209999999999999999999999
22022324528232335837837835832127824021721423226831235137538136633329325418 926TB 631381184538199999999999999 024219123921299999999999999
22621422525630034537939238135030726623722623426029833937138537935131026518 927TB 7 3392191238699999999999999 1 221413 622599999999999999
22920921023327131435337637936232828825523523224928031835237237335432027918 928TB 739381193437599999999999999 127207133823199999999999999
24121420621824728632635737437235232028726325526328531534636937837034731418 929TB 82337520 237899999999999999 15420614 125599999999999999
27925123423224627431034637138037235232530128828830132836239241242442640118 930TB 9 1380213942799999999999999 238230143028699999999999999
3442782292102192462773023213353443433333152952812802933133333453473413271810 1TB1029345204634799999999999999 3 9210153327999999999999999
3062792502272142152292532813083283373363273153032962932953013083153203201810 2TB1123338222732199999999999999 42821317 029399999999999999
3112922692462292212212302452652873083243323303203072932852832872943023081810 3TB1318332999999999999999999999 527220184728399999999999999
3103082992842642442282202222332502712923113243283233102942802722722802931810 4TB 0 2310145832899999999999999 717220202927199999999999999
3073203253223072842552292142112232462763083353533583483283032822702702801810 5TB 2 9326154935899999999999999 841210213426899999999999999
2993213413513483303012672372172132262532903283603773753553242912652522551810 6TB 317351162437899999999999999 946213222125199999999999999
2712973263523653613383022622282072052232583013423723833713413002612332231810 7TB 41736617 038399999999999999103620323 322399999999999999
2312562933313623763693412972512151962002262673153573813823603202752362121810 8TB 5123771733385999999999999991121195234320699999999999999
2072242583013423723823683332872422101992122462923393733873763432972502141810 9TB 55538218 3387999999999999991157199999999999999999999999
198205233274321361385387366327281242219220243282328367388386362321276234181010TB 635389182639099999999999999 012198122821799999999999999
207200216250297344380395388359317275244232240268307347376387375344300256181011TB 711396185938799999999999999 04920013 723299999999999999
221201201221257300342370378364333294261242239254283317348367368347311268181012TB 752378193137099999999999999 130198133823899999999999999
229202193204231270310344362362344315285263254259279307336358366355328290181013TB 829364195736699999999999999 15819314 925499999999999999
252224209211228257290321345356351333307283270269281301323341350346330304181014TB 913356201235099999999999999 224208143326899999999999999
274247229222229246271297320334338332318301287282286297312327336338331316181015TB 952338204333899999999999999 3 122215 428299999999999999
294271251238235242256276296314326330326317306298296299305312319323324320181016TB11 1330214432599999999999999 349235155329699999999999999
309294276261252250255265278293306317323325323316309303299299301306310311181017TB1254325225131199999999999999 447250183729899999999999999
309302293281270260255254259269283298311322328328323313301291285285290297181018TB1430329999999999999999999999 635254203328499999999999999
304309309304293280266255249251260276295314330338336326308289274267269278181019TB 132310152333999999999999999 816249211826799999999999999
291306316320316302283263248241244257278303326343349342323298274258252258181020TB 258320155934999999999999999 913241215825299999999999999
274294315330335326306279253235230237257284315341356356338308275248235237181021TB 353335162935899999999999999 956230222223499999999999999
253278307332346346331303270242226225241269304337360367355327289253228220181022TB 4303481652367999999999999991032224225622099999999999999
231258293329354364355329295260233222228252288327360377372347307265232214181023TB 5 136417183789999999999999911 8222232421299999999999999
216238273315352374376359326286252229225241273313350373375356320277235206181024TB 5373781737377999999999999991143224235819699999999999999
196207238280325360377372346307266235220227252290331362374364333289244206181025TB 61737818 4374999999999999991212220999999999999999999999
185184207247295339369377363331291256234230245275314350372374353315270228181026TB 651378183437699999999999999 030182124322999999999999999
197184194224269318359383384362325287258243246265298333360370358328288244181027TB 731386185637099999999999999 1 5184132224299999999999999
207184179194227271316352369364340307276256251261283311338355356339308270181028TB 817370193435899999999999999 145179135025099999999999999
231199181183203238280320348359351328300275262261272291314333341336318290181029TB 9 335920 934299999999999999 227179143326099999999999999
257224199187191210240275308330338330312292275267268277290304315320315299181030TB10 033821 132099999999999999 316186152226699999999999999
275248221200190193209236266294313320316306293282275272275281290299303300181031TB11 532022 930399999999999999 41718917 127299999999999999
2902722502272091992002112312562803003113153113032922802692632632702802891811 1TB1258315999999999999999999999 528198192826299999999999999
2932892782622432252112052102262512783023193263233132962762592502492592751811 2TB 0 1293141432699999999999999 7 3205203124899999999999999
2923043093042892672442242132142292552853153353433373192942692482382392531811 3TB 15930915 434399999999999999 823212212223799999999999999
2763033253373343172902602352212222402703063383593643513242912582352252321811 4TB 320337154736499999999999999 92421922 522599999999999999
2532853193463583523292952612352232292522873253563713673443082692352152121811 5TB 4113581618372999999999999991010223223821199999999999999
2282603003383653743613312922562312232352633013413683763623282842422091921811 6TB 4553741652377999999999999991055223231919199999999999999
1962202593033433683723553222822472272252432773183543733703453042582171891811 7TB 5413731722374999999999999991135223235218199999999999999
1811952282743213583763723483112732442312392643013403683763613262812372031811 8TB 62037717513769999999999999912 8231999999999999999999999
1841862082462943393723843733443062722512502652943293603763733493112672281811 9TB 7 2384182037799999999999999 025182123624899999999999999
199189199227267311347368369351320286259248252271299328349353338308269229181110TB 733372184435499999999999999 1 1189131324799999999999999
196178178196229269308339354350330302275257253264286313336348344324292256181111TB 818355191634999999999999999 130176134525399999999999999
223199189196218252290324345350340318295277268270282301321336340331310281181112TB 848351195134099999999999999 2 6189141826799999999999999
250222205202215239270301326339340329311293279274279291307322329327315294181113TB 934341201933099999999999999 241201145927499999999999999
269244226216218231253279304324334333323309296289287289295303311314312302181114TB1024335211131599999999999999 319216155528799999999999999
285264245232227231243261283302316322320313305296290286284286290296299299181115TB1115322222330099999999999999 4 422718 228499999999999999
292281267253244240243251265280296309318320316308298289282279279283290297181116TB1251320999999999999999999999 5 3240192827999999999999999
301300294283271260253253258270286302317327331327316300282267258257264277181117TB 02230214 033199999999999999 636252203525799999999999999
291302307304294279264252247251264283304324337341333316292269251243248262181118TB 2 8307145034199999999999999 8 324721 924399999999999999
283304319323317303283264250245250265287312334346344328302273246227221229181119TB 256323152334799999999999999 9 1245215522199999999999999
250279307327333324302276252238236245265293322343351341315279241212197200181120TB 353333155835199999999999999 942235221919699999999999999
220253289321341344330303272245230230246275309340358357337303262224198189181121TB 4413451629360999999999999991029228225618999999999999999
201230272315350366363341308273247236241261292326353364353322278231193170181122TB 51936717 2364999999999999991112235233416699999999999999
168189227274318350362353326291256231223234262299334355356334296248202167181123TB 6 43621732358999999999999991155223999999999999999999999
151160191237288332360366351319281248230231251284321351364355324279231189181124TB 64836618 636499999999999999 0 9151122722899999999999999
163157174212261311351372371348314279253243250274307339360362342305260216181125TB 726374183536399999999999999 04515613 624399999999999999
180159159182222271318353366358333300270252249263288319345357351326290248181126TB 8 836719 935799999999999999 129156133924899999999999999
209180166171197238285326352358347323296275265266279300322339345335312280181127TB 849359195334599999999999999 215166142226499999999999999
245211187178187213250291326347351339318296281275278288302315322324316301181128TB 943351203932499999999999999 3 117815 627599999999999999
277249221200192201224255287315332337329313296283275273277286296305309306181129TB105033722 730999999999999999 358192164927399999999999999
295276253231214208215233258286310326331327315299284273268269276287298305181130TB12 3331234830799999999999999 458208181826899999999999999
3073022902742552392312342482702933143293353343243082892712592552602712861812 1TB1319336999999999999999999999 614231195625599999999999999
3003093113032882692512402392492682913153333433423303092832592422372452631812 2TB 141311142534499999999999999 736238205523799999999999999
2873093233283223082892692542492572773043313503583523333052742472312302431812 3TB 25632815 435899999999999999 853249213622899999999999999
2672973253443513443263012772622592702933223503673703583312972622322172201812 4TB 359351154337199999999999999 943258222221699999999999999
2382693033333533593483242952692542532662923243503633583363022632262001901812 5TB 450359161436399999999999999103525123 119099999999999999
2002282673083423623653513262962712582622823133473713763613292892482141931812 6TB 5403661644377999999999999991117258233618999999999999999
1912092432863273553673623403092782572502612863183453593573373012572141821812 7TB 6123681722360999999999999991153250999999999999999999999
1691772042442883263523593473222902612462462632923233453523393102702271901812 8TB 653359175135299999999999999 0 8169122724499999999999999
1661621782112552983323493483313042742522432492703013293453433232882462071812 9TB 726351182434699999999999999 04316113 624299999999999999
176163169194233276315341350342320291265250250266291318338344333308273236181210TB 8 0350185034499999999999999 111162132924899999999999999
203183181197228268306337354354340316292275269276295320342355354338310278181211TB 831356192435699999999999999 138180135726999999999999999
247225214219238268304336358367361343318294279277288307327341343334316291181212TB 9 4367194234399999999999999 212214144027699999999999999
264238221216224245274305331347350341324304287279282293309324333334325307181213TB 945350203533599999999999999 254216151627999999999999999
283258238227227238258284310331342341330314298286280280286296306315317310181214TB1026343214531799999999999999 329226163027999999999999999
295275256242237241253270291311328335333322307293282276275278284293303309181215TB1115336231730999999999999999 4 4237175027599999999999999
307297283269259256258266280298317333341339330316301289279274275283296311181216TB1220341999999999999999999999 5 7256192027399999999999999
321322315304294287283282287298316335350356354345331313294276265265276293181217TB 037323131235799999999999999 640282203026499999999999999
312327332328315299284274270275287305325342352352339317289262242234240257181218TB 2 1332142735499999999999999 75827021 323499999999999999
282306325333331320303285270264269283304327346355351333303268235213207218181219TB 318334151335599999999999999 9 4264215120799999999999999
244278311336347344328305282266260267285309334354359348319280239205185185181220TB 415348155135999999999999999 957260223218399999999999999
204238278317344355349329301274256252263286316345362363343306260216183168181221TB 5 83551631365999999999999991048252231216899999999999999
175202244292335365374363335301272256255271299332361374366337294245200169181222TB 55737417 9374999999999999991133253235415999999999999999
159173208257309352378382365334300273260263283316351376382366329280230187181223TB 6413831746383999999999999991218259999999999999999999999
160155175216267319359379377356323288261250258282315347366365343305257209181224TB 726381182836899999999999999 04215413 425099999999999999
171150152177220273322359375369343307274254251265294327353363356332294249181225TB 81237619 636399999999999999 126147134125099999999999999
205170154163194240290334362370360336304275257256273300329349355345322287181226TB 858370195235599999999999999 210154143325499999999999999
248210183174186217258302338360364351324295271259261275297318332335326305181227TB 944365204633699999999999999 256174152125899999999999999
276242210188183199230269306334348346330305279259250251262278296310317311181228TB102434922 431799999999999999 344183161924999999999999999
294267240216203204217241271301325335330314292271257250248252262276290300181229TB1110335233230299999999999999 428202175024899999999999999
300289270249233224227238258281304320328324309288269251238232235246261277181230TB12 9328999999999999999999999 518224191123299999999999999
288293288277262248239239247262281300313319317306289268247230220221233253181231TB 059293131231999999999999999 635238202421999999999999999